
6.405179181266776323e-02

9.686080482823498095e-01

9.871164701466175195e-01

9.994126528927622655e-01

1.183392221621834550e-01

5.806750534277062975e-02

2.365455714001162002e-01

8.312444391396260623e-02

9.967373121582890905e-01

8.063792743152894960e-02

1.496267629180624559e-01

6.379182720349499403e-02

9.977970667573266006e-02

9.671922850614634859e-01

9.820430327183111707e-01

2.132068929474988939e-01

2.306029057375339753e-01

9.770548282495756798e-01

1.286699878463026248e-01

8.271519299477091414e-01

5.269027520173908546e-02

1.020411927892409670e-01

9.674654023245368162e-01

9.834722358161694655e-02

9.732797091481009133e-01

6.983482981389370348e-02

3.960127177261923981e-02

9.407399472970001675e-01

9.827692728648109721e-01

9.796099320520742504e-01

1.533369217336490176e-01

9.659780153015808946e-01

8.856027811953813556e-02

1.944695534952957036e-02

8.931542395806062185e-02

9.963296107014381064e-01

2.161412928927732707e-02

2.157440896803981475e-02

9.364653700922751511e-01

8.373224395064000902e-02

9.749138860764910985e-01

9.669669119580983629e-01

1.963264109520972134e-01

9.759120630685869102e-01

9.748606495528460147e-01

9.923747246769095698e-01

1.532796188859016362e-01

1.050780617350382945e-01

1.219807850151707618e-01

9.867384723514006639e-01

9.855773127424111157e-01

1.396081311316168562e-02

2.599828298585644681e-01

3.235658844844001986e-02

7.958105710433963642e-01

9.111313654676368445e-01

9.874019893568523054e-01

9.918892155155785151e-01

2.850856472793433793e-01

1.350215208121034738e-01

4.596949285452674866e-02

9.456913979731399467e-01

5.311896657219259549e-02

9.352187735161140436e-01

9.933123336133211634e-01

9.793457846318256443e-01

5.146315146376984062e-02

1.510176484845853762e-01

8.869166667447034302e-02

9.793198097508595268e-01

9.970405862506773742e-01

1.429234260729192463e-01

9.963263960077267667e-01

4.497819265955742968e-02

9.987990655924223748e-01

1.070368092379921504e-01

9.479593436404923912e-01

2.423415675036786135e-02

8.948989134542694179e-01

9.273097374122104553e-01

9.358721621304966209e-01

7.882986613179808477e-02

1.428351112819437885e-01

1.781216002230798512e-01

9.449589116554659718e-01

8.923130474319980188e-01

9.022514101982871682e-02

3.652317151317774346e-02

1.413532395635624661e-01

9.971330953995528601e-01

8.750124789335407549e-02

-1.000000000000000000e+00

-1.000000000000000000e+00

-1.000000000000000000e+00

-1.000000000000000000e+00

-1.000000000000000000e+00

-1.000000000000000000e+00

-1.000000000000000000e+00

-1.000000000000000000e+00

1.293066058836100096e-01

9.269109767900910457e-01

9.902623669532845119e-01

2.044493256452747376e-01

9.910732438347807927e-01

9.694211108847425873e-01

9.689536762390866809e-01

9.857473290480128769e-01

9.618587840744372564e-01

9.497383042410914022e-01

9.550514132807813583e-01

9.533114585231675653e-01

1.398108576089349409e-01

1.538743413638644919e-01

9.554788281625155033e-01

7.032508065766410188e-02

9.596004179532076073e-01

1.143898625077322678e-01

9.977981813419413148e-01

9.738704245063157794e-01

9.781293124075829404e-01

9.181564660071782347e-02

1.411296767762035831e-01

9.553226723797768605e-01

9.348434168085344442e-01

9.678806981119910668e-01

7.585004126376243550e-02

9.792801454241560899e-01

9.723223583827177441e-01

9.539855817972550112e-01

2.058530172507918865e-01

9.995689194246891729e-01

4.735409634787627470e-02

9.526422177808372416e-01

5.253774827647889056e-02

9.807674437419956481e-01

3.558274332393675937e-02

2.682019507768785282e-01

9.959573710918421252e-01

1.732050335806177011e-01

9.729690778975023102e-01

2.444476609411076196e-01

2.000422714171680716e-01

9.920876233882222062e-01

9.694346338927870566e-01

1.206762183986569842e-01

9.958552065891237426e-01

4.083538246595153770e-02

2.585286106698052588e-01

8.912466447371453215e-01

5.341088932450486354e-02

1.307552666961666610e-01

1.922049734506619048e-02

9.135324559878081896e-01

9.856779961376554988e-01

1.996018038716978193e-01

9.410407065518755498e-01

2.996142537209669499e-01

9.988997032447249902e-01

9.511431972262733570e-02

1.609438475543933655e-01

9.340018421337935584e-01

8.485712048141939856e-02

7.545018904229121304e-02

9.896130556962354774e-01

1.058739007037874241e-01

1.588606180494346876e-01

3.309458922113906604e-02

1.057590303596009362e-01

9.990316439457705977e-01

9.718849568021226126e-01

2.836704896638295864e-02

9.716716285647739593e-01

9.950633182349423178e-01

9.993962414399929495e-01

9.680536540747854968e-01

9.898313847716185832e-01

9.817319296871438450e-01

9.931974085457019319e-01

1.266566129070106073e-01

9.220937384469797271e-01

5.257831431032181091e-02

9.972179720560415683e-01

9.443997417533266103e-02

9.758255139503450859e-02

9.934983608667353749e-01

9.514494973031597524e-01

9.502140998315339315e-01

9.583177830488108784e-01

9.944056797095628397e-01

9.811156407309840066e-01

9.163424219151180550e-01

9.471024207407512385e-01

1.006340814634642117e-01

9.598884350300654900e-01

1.058185458441386756e-01

1.194146655246453581e-01

9.787057731691707341e-01

3.500295156829582588e-01

1.102874859608169306e-01

1.967476226141336992e-01

1.721904546189578430e-02

9.871680826943726172e-01

9.472401107857982838e-01

8.328144544558539752e-02

2.614292719926601394e-01

9.457160750263665649e-02

9.872717633736193266e-01

9.890349568281541215e-01

9.101695396228214330e-01

1.018898276649446988e-01

9.504876504128122461e-01

8.619393117348850275e-01

8.800023186571213907e-02

9.909166686223915832e-01

9.871256249501663138e-01

9.947713017362573851e-01

1.564989200912141054e-01

9.710502133495342303e-01

1.984614139031668778e-01

1.042796215444595359e-01

9.858363784770124427e-01

9.861402775041424595e-01

9.515599808180625896e-01

9.320830543601329454e-01

9.047053134950870934e-01

6.921844367248694563e-02

9.933363262999062027e-01

9.222729715309235798e-02

9.763623087797178579e-01

9.776085908329180674e-01

9.237385360131491474e-01

9.575280145663880305e-01

2.390853182187904769e-02

7.431749180657649945e-02

1.518075359629237897e-01

9.575143911752909132e-01

2.033729221611183663e-02

9.844063979202463122e-01

1.879261107822449151e-01

9.963062416746610861e-01

1.205040618047727684e-02

9.467631938148869664e-02

9.696163978974809972e-01

9.870066622262245737e-01

9.928223334057354466e-01

7.744288957434351806e-02

9.381709454175499729e-01

9.557339497891835789e-01

5.257807711759485830e-02

9.948978646343952237e-01

9.951329402837361116e-01

8.414101980655207258e-02

6.797345552114404665e-02

2.293648513107531331e-02

3.099487284373455762e-02

9.600658675499998962e-01

2.639444410195801449e-01

9.899960968218233237e-01

9.582068205001511574e-01

1.383858442172844760e-01

9.997062924003985440e-01

1.951865894592482442e-01

9.835993198843483443e-01

4.700211001134908806e-02

1.721235913367328008e-01

9.570751416954585977e-01

1.098777136869077097e-02

6.469711780866363449e-02

9.613881125122057947e-01

9.521509864884235563e-01

4.063527614711510277e-02

5.676646763056526768e-02

8.142126728444365469e-01

9.946482527861510992e-01

3.093227904339709844e-02

9.851878342615301154e-01

9.782046952277990703e-01

9.874945483670392044e-01

9.555361229394220279e-01

6.722760282852764668e-02

1.133365449524312701e-01

9.759283497214098491e-01

9.964637402237035424e-01

9.909526841420530641e-01

1.720193572715156272e-01

9.036622662670693584e-01

9.815167378404431320e-01

3.931657775790269038e-02

9.899210604295943794e-01

1.642812564730368463e-01

8.665906362191057311e-02

5.510730891685332311e-02

8.822963091103127597e-01

4.100457868207627726e-02

7.589318389634090722e-02

9.577411153218472473e-01

9.819605877451587084e-01

9.622159961236708137e-01

9.656568823760914855e-01

9.024560517226976053e-01

9.961528750069231775e-01

8.194379776195544196e-02

1.870774509411642916e-01

9.930159602223901372e-01

9.745203148776477864e-01

3.772351743416207936e-02

9.878263637037442146e-01

9.959668302442479249e-01

9.822007313492038261e-01

7.989835603618421211e-02

6.422293006012337602e-02

9.984727443605175834e-01

9.464843076832205604e-01

9.612264764951724549e-01

1.215269677295371942e-01

9.889126333219590004e-01

1.580774033848772187e-01

9.271013562739224279e-01

9.092568357934073253e-01

7.661246045851474729e-02

9.603292928181965671e-01

1.034631799085581477e-01

8.438623276948199747e-02

5.721537190828764052e-02

9.538251748298716415e-02

8.899293105456382857e-01

9.695299148348823781e-01

1.225868320664133676e-01

1.176483653553039993e-01

8.874110429082275875e-01

9.907651252054262558e-01

1.129932009901124246e-01

1.338199351819988336e-01

9.864735095961979505e-01

2.259789362363644888e-02

9.725808204134985813e-01

9.881636929741707265e-01

9.794667517303082827e-01

1.333951071775542341e-02

4.446389898769358834e-02

9.925296991571874727e-01

9.992649267040047967e-01

2.126021356971551646e-01

1.463270179995941438e-02

7.987154195571781468e-02

3.771885124005347478e-02

7.270093647711434182e-02

9.832789093732097196e-01

1.118039251835083459e-01

9.135507350779286107e-01

9.220153752847132234e-01

1.661325034908258114e-01

1.051422789769596300e-01

3.547641493957662262e-02

1.874985729289714576e-01

9.971738080146830274e-01

5.414485834318327750e-02

9.206543424117450414e-01

1.025516309128802622e-01

9.080095830666234935e-01

9.996867373783951960e-01

1.535744880710295662e-02

1.660208843067034756e-01

9.644304050354614022e-01

9.995066642266133838e-01

1.961760644921828889e-01

9.866133638983919374e-01

4.968811869203863807e-02

9.083246738190785263e-02

9.969443424457986591e-01

8.350150125580711735e-02

9.890689698713356348e-01

9.933213048802223000e-01

9.863215120132400315e-01

9.489973836668059715e-01

4.955930187295997658e-01

2.080523950085501894e-01

2.104246639051215312e-02

9.439287040954603691e-01

1.074806002710282093e-01

9.923375282247441920e-01

7.954413430953391484e-02

4.669317245430924801e-02

9.771531939626018071e-01

9.020349592955026474e-02

8.724539867892334988e-02

9.825227979255184430e-01

6.220387501690317900e-02

4.079288174361155733e-02

9.855611944880154907e-01

1.365173072519084152e-01

9.434211716680385162e-01

9.649137453156516608e-01

5.022682283900934547e-02

9.516501959920679876e-02

2.840378268691447494e-01

9.991329836103891582e-01

1.536333797812300117e-01

1.040012448154593178e-01

9.621155380664538903e-01

9.493880754772118236e-01

9.800574068774683401e-01

7.451555276783314308e-02

9.900030175220170259e-01

1.064565536369505849e-01

9.505393083911438667e-01

2.912192573951186830e-02

9.869417214653994908e-01

9.032073091784309504e-01

9.254135280160903365e-01

1.113980229942824196e-01

9.910778252071208438e-01

1.198094624111370327e-01

9.748477390581899993e-01

8.901026742308407180e-02

6.889175927346041783e-02

9.920636202394433889e-01

9.145118479964094993e-01

9.296511698798864964e-01

9.859425692748826631e-01

9.640506256290098941e-01

1.960857910265141058e-01

2.101959583341847515e-02

9.288274760069681335e-01

2.516432507203339441e-01

9.675800702948076371e-01

4.010564381480959117e-02

9.929789847312217033e-01

9.456187398118080789e-02

9.497781156406184255e-01

6.375146076649891580e-02

9.736356480736124697e-01

9.914663527753270200e-01

9.745553959715408388e-01

9.672588566193111026e-01

2.500822134258773866e-01

9.727230825356235622e-01

9.993398364596783878e-01

1.171300902568764846e-01

2.061992411732420372e-02

9.634290774433433846e-01

1.835840906716028689e-02

8.753873974454419449e-02

9.570687818303886818e-01

3.112225627949244747e-02

9.907522715672799629e-01

9.669410257362788252e-01

9.997889222178001356e-01

9.696987667685130763e-01

1.116212158527126186e-01

9.406253669185233868e-01

9.695703223797469406e-01

2.777523183620587144e-01

1.904374107041835462e-01

9.220728927155885657e-02

6.152208446406634557e-02

8.907021852961602981e-01

9.644962357163641142e-01

1.358009235353247746e-01

6.345828042293777393e-02

9.458320298130035164e-01

1.444362411880034669e-01

9.920113497666760427e-01

2.541101910761764393e-01

9.587696966196003201e-01

1.861115573206871265e-01

9.755219012878688645e-01

8.874190584067481735e-01

2.177725233047881487e-02

9.671135226318148259e-01

8.693354799905536612e-02

9.447977366825608403e-01

9.511916009718327514e-01

8.617508260922385199e-01

9.844194622221218438e-01

9.831573284001504653e-01

9.673284006834462767e-01

5.200710877584632796e-02

9.040786008375722993e-01

5.036287150448169603e-02

1.244984431061635539e-02

7.343444483271772960e-02

2.864276418370457766e-01

7.056757864435679595e-02

9.809441514785504079e-01

1.071605585739697497e-01

9.748054837461150868e-01

3.837486605857397259e-02

7.815416179747257386e-02

2.040359213744965747e-02

9.546606483608293114e-01

9.731916524110765243e-01

1.303517685241540880e-01

9.903370418570167644e-01

2.020630629174174631e-01

1.153139178393289832e-01

9.879946211714812909e-01

9.971743279850637798e-01

9.616611432070241161e-01

2.980920099023781286e-02

9.409911104052628428e-01

1.595257685456284158e-01

3.968928046046479169e-02

9.794965784433545819e-01

2.626124309791024181e-01

9.508396079500776032e-01

2.088812674245278389e-01

1.070323785915763132e-01

9.754083954199530559e-01

9.703413921974238798e-01

9.645466798254480612e-01

2.603822268005071688e-02

9.483096934278113788e-02

9.455263094145024416e-01

9.531954651561567182e-01

4.244456977476558646e-02

9.192055042278537424e-01

9.297140630798494954e-01

8.794485895635829886e-02

7.113982180615766038e-02

5.064917047799821770e-02

1.698864141083130663e-01

9.698395517828622969e-01

1.372327383316051530e-01

8.156414429801080168e-02

9.952982942521564347e-01

9.207304642515414805e-01

9.630998181120590251e-01

9.853161933092426938e-01

9.697516958875253001e-01

9.810656466846057189e-01

9.971419271089182468e-01

6.939053041296977531e-02

8.596482353530268683e-02

9.967014979604037483e-01

9.623860458473785240e-01

1.322839162028747462e-01

3.570203155138425982e-02

3.299086017573588103e-02

9.520168261482125915e-01

9.400506398775386463e-02

9.690196802270623078e-01

9.131451486151912489e-01

9.905288019493390106e-01

9.764813965257541917e-02

9.996921057654929443e-01

9.774152572438747910e-01

1.675994175637156858e-01

9.307018903942683163e-01

8.642551247849653007e-02

9.823885789061703733e-01

2.999340752937862745e-02

1.629415492192589909e-01

9.935941020755713060e-01

7.430263465855031779e-02

8.981416872303517041e-01

3.420039100567752455e-02

9.609135180873027426e-01

9.440460792892186870e-01

7.326928687275831298e-02

9.646337791244397053e-01

9.272251191977035623e-01

7.248738987859136562e-02

1.349289817371150113e-01

2.350062763823425327e-02

9.951475286368867135e-01

9.763163803890523296e-01

6.247546436258646918e-02

9.676103292661362154e-01

9.515664666964062102e-01

9.802633263755435866e-01

9.426177731259849368e-01

5.476067804121841770e-02

9.348116119029585558e-02

3.556450494301880566e-02

9.836408689382936110e-01

1.176611826898479041e-01

9.564514565443829053e-01

1.111140503407715557e-01

2.421355425380117554e-01

9.940097194696320138e-01

8.720024709898679949e-02

5.936694832958797075e-02

7.573219269695000144e-02

9.364507971408916331e-01

9.975132997104684263e-01

9.996563634769950468e-01

9.552711313854777009e-01

9.353881904122595126e-01

9.214781327753170936e-01

8.945611619047416641e-01

9.792318831939346158e-01

9.883460070121787844e-01

2.426310397814326544e-02

9.894945283136070691e-01

9.986898905330390264e-01

1.618078536996295225e-01

2.685105217156982457e-02

1.178835208645321458e-01

9.331831029201625993e-01

1.537493923365969017e-01

9.121376393511723135e-01

6.539959188224110653e-02

1.671906603857626628e-01

5.189528741019206609e-02

9.790691152631302296e-01

1.164564444389316333e-01

9.451288211253703331e-01

1.612510599776352804e-01

9.018811968417388414e-01

7.069339996093997047e-02

9.731015672981780940e-01

9.799880509953640129e-01

8.964805901221580831e-01

2.827706092231410326e-02

9.676291929809858194e-01

9.333730899172708595e-01

1.011374637244661506e-01

9.842798720142633684e-01

9.598495114840853715e-01

9.765804606497765494e-01

9.977019804833303640e-01

9.494274503575848012e-01

9.554594470922040950e-01

2.251544034744369094e-01

5.244096340605064466e-02

1.031532902334180157e-01

9.864381475892939344e-01

9.901172169313917637e-01

9.816310597020968531e-01

3.795395242162260402e-02

9.690690449162312481e-01

9.326669967336987943e-01

1.245679196868397856e-02

9.950402917038100314e-01

9.825768640301352219e-01

1.657725235429030053e-01

1.685240575676083541e-01

9.363381249474557189e-01

9.871833733324816285e-01

3.817792453307498890e-02

9.075036532742146722e-01

8.395767958422170607e-02

8.791469944874761439e-03

9.675572067326660974e-01

6.356210538144890787e-02

7.182906703579400309e-02

9.518419867288253622e-01

1.300404543878046493e-01

9.335632769619256477e-01

2.546272593518070781e-01

6.689061034251500559e-02

9.820126286250432379e-01

7.894517350762929320e-02

9.691972209998812593e-01

9.459028322559151492e-02

9.996692778602159768e-01

9.226144629655699259e-01

9.777091272960583002e-01

9.735926708786079020e-01

9.307347709065063590e-01

4.471979122864171985e-01

9.292704752026873516e-01

9.755196636500024221e-02

1.184350585229939218e-01

1.374977799971356940e-01

8.865438052654424084e-01

9.845746584800748602e-01

9.046878489169819793e-02

5.861899909466782022e-02

8.542622136690707357e-01

9.965527246085531532e-01

4.181497949719229640e-02

1.539152752331074125e-01

9.266561313431898039e-01

6.704832543927657929e-02

4.724794978337281542e-02

9.871327079657181702e-01

1.693658282023227657e-01

5.637725956805682975e-02

9.750499364099364241e-01

1.127525897016227185e-01

1.393496025741072786e-01

8.730732615659086981e-01

9.689319824729313302e-01

9.836007773390209596e-01

9.984757761032090340e-01

9.969771338024768781e-01

9.816058902119789709e-01

9.862265429385153048e-01

1.000516736073771840e-01

9.176472433136240170e-01

9.984201103682819323e-01

1.728370265163461095e-01

9.669172187094821069e-01

9.233232466014851259e-02

9.952486840796237466e-01

9.449816946011455610e-01

9.274331453797675096e-01

1.370662815402629020e-01

4.173051485192386112e-02

9.577517030602547207e-03

1.201375313863665417e-01

8.900285921088394447e-01

5.546548499188157233e-02

9.935395081270269602e-01

9.364713846672386710e-01

6.818080709480975332e-02

8.531594175458202534e-01

1.412150653670291856e-01

9.341546277701401335e-01

9.094873245667397521e-01

9.775190279866172727e-01

5.564156084779816464e-02

8.713365630809893903e-01

6.266309673972922378e-02

9.648165629136185029e-01

1.792628614048474844e-01

7.106931343521920297e-02

1.301456467664544314e-01

1.047529681965118503e-01

9.114250057043359332e-01

4.586278209524574656e-02

8.891284665195187120e-02

1.157396242609563530e-01

9.790777672854441560e-01

7.204036794578176639e-02

6.898174477570488683e-02

4.653246401147077133e-02

9.563583048417804156e-01

3.807425055511406281e-02

8.214654549742320122e-02

9.400922263999896833e-01

1.103070975200892423e-01

1.414593728655337557e-01

4.371268947209951128e-02

4.175415508894683020e-02

1.044149802373339903e-01

9.821069859750014563e-01

9.839395244142505881e-01

6.759936545544895092e-02

9.889267639514293107e-01

1.432788908481256729e-01

9.957135160982817645e-02

9.956036739991768955e-03

9.893484479157449440e-01

4.595071908539094530e-02

4.536828409592507175e-03

1.483848831443697336e-01

9.659940386665384349e-01

1.255220043230777516e-01

9.586786513571775581e-01

9.980806383270786064e-01

1.219479130063734623e-01

1.175654044766179240e-01

1.945077907376751847e-01

9.894308384979383364e-01

8.677705438623735390e-02

2.272000630373095797e-02

9.899783112373120586e-01

9.964602776364842596e-01

9.381529917663802842e-02

9.447886948211318137e-01

9.933069406478759467e-01

8.416219303779187699e-02

9.869554941627284306e-01

9.810476700154832086e-01

9.552715038742600751e-01

2.780816404318598445e-01

9.984020888545122041e-01

9.313423108236372761e-01

1.378804922434780089e-01

9.804718471761676435e-01

9.263004369782280589e-01

1.527234675937272912e-01

1.422760439599537463e-01

9.844559783263898689e-01

1.406888590928050131e-01

9.604233082309209246e-01

8.323305251846511155e-01

7.630080139455198973e-02

2.414226807421016585e-01

9.907630208270149508e-01

1.130084953560064193e-01

9.731380047562228075e-01

9.520391711990537909e-01

9.718658187919588798e-01

9.811032892029646346e-01

1.961477714464612276e-01

9.585327399426981643e-01

9.805059319830637943e-01

8.750380361238909721e-01

9.734501085984262891e-01

1.200496999643511364e-01

1.557719307914448570e-01

1.292139943580401795e-01

8.505012985668364278e-02

9.975937576823734609e-01

9.584265881714517654e-01

3.213339829662928415e-02

9.840304469079694805e-01

9.917491658186345926e-01

9.474606029913554828e-01

5.415403256925375997e-02

8.994836776991029792e-01

3.746923455862658653e-02

8.703091404244350793e-02

1.193886874565421585e-01

9.278769176723584700e-01

9.589526250764970339e-01

9.621454014878160210e-01

9.724766511310604100e-01

3.552975667168647295e-02

9.861324634318016091e-01

2.000005267705599887e-01

9.932693108881985866e-01

9.944235062516145751e-01

6.335357012805550858e-02

2.624736945627515958e-02

9.827866811526602131e-01

4.324790260349854754e-02

1.270212996371948011e-01

1.970423041844260037e-01

9.923880666562778785e-01

9.934045004841001170e-01

9.466912464803088900e-01

1.555069759611811021e-02

4.628060948066062968e-02

9.590743435565456387e-01

9.654480283845099375e-01

1.262697785696150210e-01

9.417638996782916605e-01

1.462186566230222751e-01

6.471300914890021350e-02

9.516300649432133385e-01

1.475077606400028267e-02

1.380806246146629723e-01

1.202588562425184887e-01

1.130561310487405435e-01

9.246920999062148150e-01

9.568025188723647823e-01

6.602613821898463409e-02

2.056230111308718703e-02

1.890691749552546597e-01

1.976110114710414450e-02

8.873714884561535732e-02

4.330803028732902599e-02

9.862678369980525384e-01

1.430448576481138656e-01

5.972812130569873923e-02

3.325017518449072812e-02

1.218982983816216115e-01

1.331759988024037722e-01

7.469975534105817438e-02

9.837586153744058981e-01

9.715075834499466989e-01

1.146842180825012325e-01

9.966590931626789773e-01

2.875358274748820997e-02

1.064324352781611666e-01

1.628464538301366282e-01

9.349352221147391173e-01

5.554649711989655125e-02

9.285172249889904750e-01

8.831101822208696495e-02

4.567878659392780177e-02

2.714629534061820462e-02

9.749079176866208840e-01

9.303310597001241966e-01

9.354334724430398706e-01

3.664821073833919585e-02

9.398908962597483097e-01

9.491943853066874270e-01

1.195364702888452313e-01

9.712641772183395750e-01

1.383265108333689986e-01

9.266899014540855850e-01

9.040018159808792531e-01

7.754244246384137118e-02

1.269249790198983541e-01

9.814430273397817261e-01

9.497360866478946617e-01

9.903261076281745234e-01

9.797315871967786638e-01

9.691336756601414137e-01

9.986200389224868523e-01

9.905549670957376485e-01

1.455325542627216584e-01

9.816184078205376640e-01

9.357307097912077598e-01

1.531242046761125963e-01

4.738298081191020215e-03

2.897987692533524756e-02

5.095263846727047380e-02

1.294314295728598574e-01

9.468095288627809136e-01

2.912195125811327390e-02

1.456901260579860635e-01

9.890897608378556027e-01

9.486445717507161479e-01

8.890607478632116534e-01

9.995696616019847935e-01

9.802360410773321986e-01

1.254705596181053817e-01

9.660139130096858651e-01

9.593850373096025619e-01

9.837408761572634663e-01

5.028017456069024116e-02

9.836174686891084873e-01

6.881740104298028626e-02

2.485100345262811899e-02

1.709690030499551872e-01

9.466721096411935266e-01

9.553266480612386813e-01

9.635293256665571349e-01

1.197735509918216451e-01

9.398025975438454305e-01

9.893260279388643719e-01

6.641978507521953401e-02

9.549908739996048057e-01

1.396728961006344638e-01

9.840765904322016366e-01

6.707715619906763627e-02

9.874894474957778279e-01

9.654854163931272382e-01

1.156905438079454396e-01

9.841391568329932449e-01

7.866133885637117962e-02

9.795044884708228317e-01

8.705773520810554389e-02

7.521783773295674658e-02

9.707916794720679032e-01

9.262504586236963711e-01

9.633424564825555647e-01

9.792011687683750409e-01

2.046309149302855401e-01

9.894923924389368297e-01

8.257237217871965518e-02

5.337080047854303455e-02

1.990902522990536383e-01

2.067810846708118683e-02

9.681734585576898811e-01

9.940054612123331301e-01

9.693026023572399730e-01

8.789454856493015278e-01

2.467620191422628326e-02

2.868848132270991891e-01

9.982105694785969874e-01

9.571022768459108709e-01

9.598543885608799009e-01

9.996671858416219525e-01

8.753275525037858273e-02

9.288356923195347781e-01

9.442342095877076513e-01

9.370747016941955998e-01

3.655450079720048290e-02

1.382893675832639648e-02

9.832310273154868385e-01

9.526932880971205053e-01

6.451639040476429832e-02

7.181911903026426229e-03

1.365236144252539030e-01

9.818762362156068235e-01

4.839029625739146162e-02

9.823959110316602406e-01

1.000055747339628071e-01

9.635581727770334837e-01

9.960752150201792610e-01

9.852341462782889803e-01

3.188850077924017951e-02

3.559404607327196213e-02

1.220427683090889864e-01

9.142820119342942586e-01

7.227028441640387380e-02

9.922705456715167349e-01

9.850975680932133605e-01

7.702663133863914269e-02

9.925784625696100205e-01

9.843713560158874332e-01

9.827884350003378566e-01

9.131556927019744974e-01

1.286351647147153110e-01

9.966762654876453187e-01

1.029028888010564552e-01

9.062377185935572843e-01

9.826509769996167876e-01

4.078083916474001952e-02

8.635754592606721333e-03

9.595379291900706376e-01

8.893211294832706337e-02

1.138999021538187606e-01

9.648551475597518801e-01

9.906206612289447655e-01

2.018056463351358132e-01

9.886710500402656754e-01

1.441631894929951974e-01

9.947930350264984067e-01

1.152114396524876599e-01

7.607982816773996293e-02

9.909205149461229878e-01

8.161119039851242318e-01

9.967447146454453399e-01

1.550547388585074016e-01

1.072701831167300057e-01

6.256387022504862616e-02

9.672643118671472307e-01

9.637766214077422289e-01

9.869855259137069181e-01

9.889967050279591110e-01

9.711891351642359949e-01

9.950810625822550382e-01

9.942048825819838065e-01

9.513587906342958478e-01

9.884317722477827806e-01

9.996565284998457646e-01

9.601962112841434527e-01

9.146857336234059943e-01

9.199365941426462800e-01

2.223110079071733206e-02

3.269882150076417610e-02

9.796148789625173103e-01

1.715111601575411426e-01

9.799303194770481173e-01

9.601915089184075436e-01

9.683609149515325365e-01

9.703384245365415106e-01

7.025705657017847217e-02

7.453513216934910812e-02

9.302821143668563719e-01

2.716499987824788076e-01

8.782111453898044928e-02

9.506461466025462048e-01

5.442756472994610822e-02

9.836036282072372350e-01

9.853643797524543890e-01

3.771823267161332482e-02

9.788943679285990740e-01

1.300743974946600989e-01

9.253291541760233496e-01

2.144064681605836742e-01

1.185301423901018447e-01

9.718243756410847034e-01

1.863626161114750601e-01

9.371247284249066833e-01

9.410498879211629530e-01

9.668031499615720170e-01

9.884250702372027186e-01

9.634270885023771269e-01

9.781426277434028815e-01

9.744848561280946564e-01

9.421400787792439946e-01

8.911269198048470397e-01

9.480335973345244138e-01

9.981959577890171520e-01

5.680686848002693828e-02

9.631927148871837208e-01

9.522339611119611247e-01

1.409497806364506944e-01

9.902357027722092919e-01

5.968075940908247612e-02

1.406052018427743078e-01

9.298437970235369221e-01

2.096377509523191518e-01

9.858099435782867737e-01

1.687965147682366218e-01

9.153147927402931483e-01

4.092029178249163152e-02

9.965257574848772615e-01

2.982921608142490369e-02

9.111250259201807145e-02

8.740661087601317436e-02

4.718541580798887858e-02

9.559300623902677874e-01

9.938240109857253701e-01

9.847527201157370014e-01

7.633677988976281248e-02

9.822862958072124950e-01

9.869261220054750261e-01

1.088892160558634914e-01

6.815320219369755406e-02

9.296122082560255295e-01

1.790791529969564533e-01

9.566297248758939276e-01

4.082722141179331854e-02

7.990148606872429782e-02

9.402840422610159177e-01

9.834519269015227216e-01

7.116081931270827610e-02

1.527517471734859134e-01

9.857922381854915539e-01

9.791690945118749489e-01

9.339126988462068679e-01

9.910092700817759725e-01

2.422569847226516138e-02

6.318347189067215208e-02

6.228003986214313004e-02

1.886609033646274580e-01

6.954366447188485567e-02

9.751214610216035750e-01

7.610455423987184942e-02

6.622404745687121563e-02

9.711847337763102050e-01

1.804575177669712482e-01

2.922901066985626461e-01

1.511819567434112555e-01

9.641822381809759257e-01

2.940750747908611046e-02

1.373908122347148320e-01

1.566856891772975546e-01

9.953010845539584928e-01

7.620886906668881966e-02

9.568129131431475365e-01

9.784728988234620006e-01

8.894045710633331492e-01

9.302865280140646398e-01

8.051547846548401388e-01

9.044742518799128161e-01

8.793019437852516162e-01

1.171955556579019897e-01

5.557020665436374768e-02

8.002601870655635941e-02

1.017522314349566664e-01

1.176590266324682721e-01

9.156084327700273473e-01

1.208444800363842747e-02

9.865210058948223892e-01

4.062100657799701253e-02

9.964791993887367472e-01

1.115330491877808416e-01

9.952062846341046543e-01

9.469456321639174723e-01

9.837213222132661361e-01

1.695119711243545935e-01

1.149118081313948436e-01

8.583266482312083834e-02

6.268879380806675894e-02

8.575597104109242141e-02

1.128594765139779160e-01

9.772694707775561040e-01

9.828505035479847551e-01

9.933237122770955940e-01

9.808628818476775590e-01

9.600998971661630632e-01

9.346725441856957861e-01

9.631456294084385084e-01

1.228322791595334723e-01

5.468975241048831121e-02

2.399961968211098140e-01

8.854788304486083117e-01

9.384023153939139439e-01

9.220856009640637785e-01

2.478665285921824099e-02

9.734316623573308069e-01

2.573612160938261728e-01

8.461837534561224283e-02

2.426722524290141070e-02

9.349679905317412887e-01

1.091632868479807950e-01

2.794209734078442059e-02

9.565768643292920093e-01

1.407135276402470270e-01

1.819540169079192082e-01

9.397036613250261405e-01

5.175701122633211138e-02

9.731712608010039123e-01

5.055901535726030349e-02

1.390544155395747883e-01

9.785186385925669361e-01

7.862220299576511140e-02

9.919630954733967831e-01

6.589105823183252775e-02

4.473140937251546961e-02

1.524757621467847934e-01

1.005777603279666282e-01

2.071589100987422313e-02

1.026538737468065537e-01

2.494052657744493320e-02

9.014819350310804280e-01

9.116670250008622745e-01

2.246892246955281905e-02

9.480287813852333878e-01

9.873855470351125541e-02

2.873174222347435122e-02

9.854422020165162222e-01

8.737242726397161929e-01

9.977097514219930574e-02

9.203696229397444473e-01

9.856058713479916022e-01

9.712052054571776449e-02

9.839865382189404430e-01

2.405171477346469341e-02

9.966186310466603748e-01

9.454016696327309788e-01

8.657831460996454065e-02

9.661915728465401143e-01

4.806617294507490451e-02

1.667693383881670988e-01

9.969800141367287649e-01

9.605841511399049182e-01

9.939730600970348995e-01

1.265746774937019370e-01

2.874227390132695278e-02

9.765464093636194720e-01

9.483561541937989281e-01

8.741775719872362238e-01

1.183585654829424072e-01

2.549044753154399920e-02

1.127290193914514821e-01

9.214564137173938962e-02

9.763953871034288801e-01

9.982589754766499901e-01

8.975142182569094684e-01

8.927897381158313161e-02

9.107697906763816409e-01

1.064261225365622926e-01

9.600727293700039855e-01

8.515082220774333743e-01

9.729711044620261706e-01

1.208437630854653985e-02

1.259737008765810795e-01

5.437513974993636590e-02

9.593043030093703072e-01

2.009429079871529744e-01

9.676638654317247790e-01

9.355425809839525986e-01

1.648542736562259303e-01

9.712336556938081511e-01

8.869910456504490615e-01

9.464607659682049423e-01

9.030120575685680606e-01

9.840009899843558117e-01

5.966756418481299756e-02

9.147935860020526277e-01

9.964996887766044420e-01

9.345287381751994360e-01

7.445873729863289325e-02

9.832937606849940781e-01

9.873515717375789258e-01

1.674945480334591730e-01

9.971629240198131017e-01

9.997959065956679714e-01

9.321587819880055026e-01

9.641757684663466721e-01

9.990405969844671219e-01

8.766965384785719850e-01

9.998065090087258078e-01

1.514456207901704321e-01

9.486133048014698810e-01

1.213968498511494715e-01

9.550242555150142421e-01

1.115209107737127892e-01

2.130915728707656609e-01

9.928225065655092996e-01

9.689331314203338819e-01

3.353296705845329462e-02

9.605730616587753179e-01

1.739747587566395637e-01

9.963553248247410954e-01

1.426620494328512123e-01

9.934025374539374731e-01

9.801584690989839643e-01

9.691081347648095035e-01

9.915816938695575233e-01

1.255292370120095202e-01

1.420392101834686838e-01

9.954916165883400669e-01

1.828601905570718389e-01

9.452423855268773378e-01

1.965645325918065067e-01

9.700834885261604423e-01

4.930730352305985609e-02

1.476007134675507149e-01

7.290541982191049708e-02

9.989704971618426077e-01

3.525824616677681461e-02

1.160701090669833541e-01

5.690404402762520852e-02

9.852164396759700571e-01

1.388137193445693751e-01

9.441979234070246862e-01

9.855243716570614154e-01

8.218813867407141760e-02

2.205081205114473308e-01

1.456201552253332532e-01

9.002643189711311000e-02

9.991810860452220444e-01

9.901555579591312384e-01

1.670361641176430212e-01

9.580407664978672910e-01

9.779854262329660264e-01

1.821750355094749196e-02

9.890307053303364349e-01

1.966323885918050754e-02

8.823281130931646954e-02

9.972169957046379540e-01

9.753960734503558383e-01

9.564370332927331075e-01

9.742143002519966233e-01

9.815524736595834243e-01

9.889656959676761394e-01

5.378051171236133271e-02

9.321734587822091411e-01

9.577296764910080418e-01

1.055922740101647717e-01

8.972054507764046782e-01

1.032737150535819465e-01

9.384923029017699925e-01

2.906562848977049529e-01

9.736816104843443176e-01

9.770306827200567756e-01

9.880998019517124309e-01

9.823690194380001461e-01

8.778306037743117685e-01

9.676134927510275929e-01

5.097207352724410223e-02

9.258384113627395884e-01

9.912800571015961681e-01

1.082742839548908077e-02

5.097966847953716574e-02

9.762836252712423502e-01

9.972376981628119363e-01

3.242164195462034215e-02

9.412575141018971747e-01

7.798021249131460719e-02

9.948623608579945099e-01

1.201923808685518291e-01

6.555992270344272732e-02

1.296389039338806948e-01

9.722902380254601074e-01

7.299449097740361159e-02

3.830651026393012276e-02

2.234060918086035186e-01

2.147423695211313210e-01

9.084853993322251908e-02

9.977573922074449708e-01

9.799360437057178519e-01

9.664155058862048397e-01

9.953981843638789462e-01

9.977980517565955276e-01

9.952433458910270314e-01

9.813734214581926185e-01

9.977365682837884275e-01

1.542848955758062690e-01

3.334659232748063418e-02

9.610846306060122357e-01

9.959921839097152230e-01

1.105790454888911367e-01

9.929587561275483587e-01

9.179631131015311696e-02

4.856872344019148163e-02

9.423322813143472088e-01

2.074554903964128116e-01

1.028792056130215793e-01

9.863102524550891870e-01

1.761867193332859738e-01

4.759830118570071433e-02

9.756583183591180930e-01

3.500199521888224669e-02

1.410844356390903928e-02

9.931352094323817603e-01

2.248463118387210649e-02

9.551982322566565653e-01

9.967529275890643081e-01

9.618129937619509517e-01

9.869698057354275855e-01

6.014300191531326417e-02

9.458980541654358198e-01

7.801928380043174349e-02

9.512075606153310714e-01

9.679371108356683573e-01

1.504271457414697588e-01

3.319702123926460829e-02

9.935143055543372848e-01

3.630868880356422079e-02

9.555395528615199252e-01

9.446693976115475566e-01

9.679680753469859233e-01

1.259976260506063817e-01

8.419759811653990678e-01

5.688526924916926381e-02

2.339180812372458965e-02

9.884062825688152421e-01

9.972295197088977270e-01

1.551808844439544754e-01

2.365620801382534513e-02

9.547723254627579204e-01

1.822119673308358889e-01

5.943743964916581995e-02

2.275518523091912479e-02

9.384863349735493854e-01

9.055955543543932063e-01

9.657319959021276601e-01

8.737351942487869838e-02

7.233638096483679947e-02

9.233746242275594485e-01

2.195706451421882144e-01

9.693791845217375469e-01

4.792640843103105480e-02

9.562474360222651681e-02

9.997897929338738221e-01

9.968480082526509634e-01

9.112086444110366612e-01

8.995382585550215637e-02

1.409581232253634964e-01

1.040070834129160765e-01

6.771673167706367125e-02

8.215413905989232823e-02

9.937270162035951593e-01

9.884918990009918804e-01

9.838847979567684199e-01

2.561092808137770127e-02

9.975969053467775849e-01

9.895042407748750879e-01

9.470217094565239746e-01

9.789110449682635329e-01

9.410266490155327901e-01

9.865522192993602113e-01

9.738811798139445086e-01

9.967643629725531085e-01

9.895982116686815599e-01

8.755904724573875253e-01

9.711440713768250133e-01

9.214226000043475029e-01

1.814087743006654041e-01

1.411555388840105563e-01

9.605553005072006156e-01

1.339459572020637312e-01

1.050371950729381831e-01

3.677371333530090464e-02

9.412976786988037636e-01

9.860498154545673799e-01

9.656020138824178423e-01

9.955976176523930743e-01

9.819627570210055501e-01

9.363938392751096629e-01

9.747460065363644510e-01

4.879962253189182309e-02

1.251850702190676068e-01

9.929919176893140520e-01

1.247674646435763951e-01

9.343136421970394956e-01

9.938754327330996396e-01

9.636789524805878804e-01

8.844668471198210424e-01

7.028542991382785710e-02

1.438222987594627300e-01

9.897468979950694301e-01

1.109132109256481258e-01

9.480799648280981984e-01

9.724149046253530715e-01

9.559016101629338458e-01

6.216715818476757638e-02

7.384199394823287577e-02

9.864126527845427095e-01

1.957321223942747046e-02

9.934595621533862664e-01

9.313535324706491147e-01

9.893919177614665106e-01

8.959899024285790103e-01

9.740477352914859166e-01

1.211143908102668004e-01

8.938542700941154787e-03

2.902151114282842601e-02

9.951531173715657541e-01

9.533987210164299730e-01

9.981641483376385571e-01

9.612183783670571469e-01

8.957433078291285322e-02

2.968645437333826062e-02

9.385025906300649146e-01

1.300529702386468145e-01

1.572317794124674373e-01

7.510897198043277843e-03

9.781130943585586435e-01

1.505480398659075347e-01

9.494097162354255826e-01

8.672518664255179921e-02

7.415790742815343839e-02

9.899403276563472076e-01

9.404789252062901728e-01

2.243016006058811129e-01

8.859011507754157577e-01

9.702007090271551615e-01

9.749183489750093967e-01

8.933030760856128794e-01

9.950496073488801496e-01

9.791774388632452641e-01

1.497266771600590241e-01

9.918804266854768237e-01

9.216524082538567475e-01

9.594920658467279706e-01

9.639187846969334839e-01

1.574205053857359038e-01

1.071032978330917346e-01

2.093907113817113433e-02

9.976424728683853660e-01

9.870362225368005671e-01

1.501055521259420100e-01

1.240185705880449962e-01

9.185125490496383327e-02

1.845905569292885864e-02

9.763953284832720403e-01

9.423562523356183995e-02

6.482503042462915699e-02

3.262126358701229745e-02

4.675379779773393418e-02

9.481913901344666273e-01

9.474260726384586828e-02

1.052907670814836188e-01

1.117972245771904904e-01

1.038341355147492928e-01

3.482542367579045256e-02

1.977161799541099774e-01

5.716925045809820305e-02

4.975969080563156371e-02

1.262822804608134397e-01

9.792067964565275284e-01

1.234548069847228174e-01

8.189504854625026531e-02

9.854805715017975754e-01

3.790694525226136202e-02

7.563396307918925088e-02

1.104549016005090117e-01

4.733976416208124371e-02

9.113318850060482257e-01

9.793967441359734405e-01

1.278877702300531272e-01

7.321775195583014872e-02

9.739780852143377077e-01

9.401619172210280428e-01

9.883289226547828932e-01

6.642400622690738943e-02

9.932468747883851368e-01

2.394289795890678085e-01

9.806635368206223502e-01

1.262836483628410611e-01

9.984009343890780652e-01

1.676300260236710526e-01

9.443480467933501599e-01

9.806685869366948971e-01

7.273187502252727310e-02

9.536091046551649075e-01

1.584871379250365753e-01

1.717811436453363094e-01

9.885275940326275768e-01

1.020572394525329218e-01

2.869251679241999545e-02

9.576497390380782626e-01

9.580963252059363500e-01

1.979044674993761174e-02

8.091742968651399748e-02

9.709794175914701064e-01

9.933090721702945158e-01

9.957977389144949676e-01

1.419093049828750730e-01

1.177698185606535081e-01

4.501649548990750704e-02

1.426077506651310667e-01

1.617239308138771967e-02

9.234210749222063752e-01

9.572308834536420452e-01

8.226880904027210339e-02

4.241061495779593904e-02

9.633614533380335798e-01

9.249103243848495748e-02

1.789579197812422307e-01

5.350713045674733437e-02

9.486582588034645630e-03

9.578690058029905030e-01

8.820695792748266262e-02

1.811601094363800291e-01

9.558109959318853432e-01

3.504886105592586870e-02

9.572821267835355252e-01

9.819169590487417665e-01

9.608616021655788098e-01

9.909917362671191166e-01

9.645099424546644817e-01

2.074425990960321320e-01

9.479867467615195054e-01

9.532549092637846444e-01

1.057959618492843312e-01

9.981001560047233490e-01

5.848426916245740015e-02

9.941327280598311056e-01

1.608401586332877942e-01

9.967448401680996106e-01

9.395512211980238115e-01

1.200812884675840908e-01

2.992758427812891933e-02

9.967384674597631333e-01

4.493901471339589726e-02

9.546330987826850967e-02

1.282900364650852165e-01

9.344564628965592590e-01

9.143237311111821475e-01

9.608123954220617602e-01

1.626041397100602137e-01

9.695829193037626137e-01

9.851780377311567527e-01

9.772324317844049979e-01

9.591333020577235136e-01
