
3.931055662920698524e+00

9.055920402053743601e+00

5.694324469659477472e-01

4.636169050354510546e-01

4.729876590427011251e-01

2.424841950205154717e+01

5.311180108692497015e-01

6.241123860236257315e-01

4.805878240149468184e-01

5.092206189874559641e-01

5.040307410527020693e-01

1.436426518950611353e+00

4.675268100108951330e-01

1.297191479941830039e+00

1.276472419034689665e+00

4.022150099975988269e+00

4.846027190797030926e-01

5.649871949572116137e-01

3.282036385196261108e+01

8.378145620226860046e-01

3.854326944099739194e+00

3.640333118196576834e+01

5.094457559753209352e-01

5.146882180124521255e-01

1.449636848876252770e+00

7.255992828169837594e+00

1.529679579101502895e+01

1.025682715931907296e+00

7.583856391953304410e+00

8.275661100633442402e-01

5.316473960410803556e-01

6.612130999565124512e-01

9.123147670179605484e-01

8.936144160106778145e-01

1.334591757971793413e+00

5.598181069362908602e-01

7.347426901105791330e-01

7.445659078657627106e-01

6.061954708094708622e+01

3.719240262708626688e+01

4.647696700412780046e-01

4.988652770407497883e-01

5.223811909090727568e-01

5.563270789571106434e-01

1.290785887511447072e+01

2.632466263836249709e+00

7.924828841350972652e-01

6.547648923005908728e+00

1.755336252041161060e+00

5.767276079859584570e-01

2.101673791091889143e+01

5.882302280515432358e-01

1.364498818502761424e+01

8.323490309994667768e-01

6.008238960057497025e-01

1.452117966022342443e+00

1.063122462015599012e+00

8.953979429788887501e-01

1.933667664881795645e+00

5.534318080171942711e-01

5.359500329941511154e-01

1.289852238027378917e+00

7.293238199781626463e-01

8.884781040251255035e-01

5.234129389282315969e-01

1.199632039060816169e+00

1.026356460060924292e+00

2.359878493938595057e+00

5.047694761306047440e-01

9.370297999121248722e-01

7.817231318913400173e-01

7.029910883167758584e+00

4.956025339197367430e-01

7.123660759534686804e-01

6.173299669753760099e-01

2.958031033701263368e+01

5.867554731667041779e-01

7.342573388013988733e-01

5.627190060913562775e-01

3.236167235067114234e+00

6.915392619557678699e-01

7.755407618824392557e-01

5.110204063123092055e+00

5.195365678519010544e-01

7.675195550546050072e-01

2.829560650209896266e+01

9.226980266859754920e+00

7.018275591544806957e-01

5.726933849509805441e-01

5.654923499096184969e-01

1.369365063030272722e+00

6.116308231509756297e+02

1.779476986350491643e+02

1.783934069259557873e+02

1.785147630760911852e+02

1.778248814030084759e+02

1.782927306869532913e+02

1.781243912500794977e+02

1.785477899098768830e+02

1.140463398769497871e-02

8.159856442129239440e+00

5.601576268672943115e-01

5.879427471663802862e-01

1.878618289018049836e+00

5.890589118935167789e-01

8.806812309194356203e-01

4.575594345200806856e+01

8.178825471550226212e-01

7.042877760250121355e-01

5.902617168612778187e-01

7.655114871449768543e-01

6.875516888685524464e-01

1.459908888908103108e+00

2.138962375605478883e+01

5.202132706996053457e+00

7.119512120261788368e-01

5.695824520662426949e-01

1.439107607095502317e+01

6.082501620985567570e-01

2.010616095480509102e+01

6.292920040432363749e-01

7.227091630920767784e-01

1.730296705686487257e+01

8.777061370201408863e-01

2.187310218112543225e+00

1.164251298876479268e+00

8.118308081757277250e-01

2.319130116095766425e+01

1.076007517985999584e+00

1.225672192871570587e+00

3.058492666110396385e+00

1.099843336967751384e+00

1.107415519095957279e+01

3.785819363081827760e+00

9.144664749968796968e+00

1.649809550959616899e+00

5.856306930072605610e-01

5.554438743973150849e+00

1.262132692150771618e+00

4.854387301485985518e+01

5.390788740478456020e-01

7.839401289820671082e-01

5.572689259424805641e-01

9.939031461253762245e-01

7.331022298499010503e+01

6.703955000266432762e-01

5.371285050641745329e-01

5.330119237769395113e-01

2.144991941051557660e+00

6.099016640800982714e-01

1.106059819296933711e+01

6.321634789928793907e-01

1.916975457500666380e+01

5.678174719214439392e-01

2.299896407220512629e+01

9.432430118322372437e-01

1.422557380050420761e+00

7.968014220241457224e-01

6.289278729818761349e-01

5.540216430090367794e-01

1.985157396877184510e+00

4.441360226715914905e+01

2.879150755004957318e+00

8.006541749928146601e-01

2.316593342088162899e+01

5.309234180022031069e-01

5.186070031486451626e-01

6.452284809201955795e-01

6.341585417976602912e+00

7.927275737980380654e+00

2.210165416123345494e+00

1.516940973000600934e+00

6.785413399338722229e-01

9.170210999436676502e-01

5.696507920511066914e-01

5.591455660760402679e-01

8.130095058586448431e-01

1.915173260029405355e+00

9.782512089400552213e+01

5.707199200987815857e-01

2.809817067813128233e+00

1.031856608111411333e+00

2.140309122693724930e+01

1.332689109025523067e+00

6.089779960457235575e-01

5.544006910640746355e-01

5.859879178460687399e-01

1.224322579009458423e+01

5.894275680184364319e-01

7.286492830608040094e-01

7.397080319933593273e-01

4.667954524978995323e+00

2.309984682826325297e+00

5.817917350213974714e-01

7.410976962186396122e+00

1.197438775794580579e+00

5.188633140642195940e-01

6.588598270900547504e-01

8.259407649748027325e-01

1.494398666080087423e+00

1.404302479000762105e+00

4.950690252007916570e+00

8.936736859846860170e+00

6.192119410261511803e-01

1.627677120035514235e+00

6.473726730328053236e-01

6.481679519638419151e-01

3.586172762094065547e+00

1.259122956776991487e+00

3.806953738420270383e+01

4.542245252896100283e+01

1.339722417993471026e+00

5.408847560174763203e-01

7.176870158873498440e-01

1.452031532069668174e+00

2.108071211026981473e+00

1.237489898921921849e+00

7.567600519396364689e-01

1.061643739906139672e+01

2.669415433660615236e+02

6.735014158766716719e-01

1.197506356053054333e+00

1.267518881009891629e+01

1.010796210030093789e+00

2.091597442980855703e+00

6.765891988761723042e-01

7.304281780961900949e-01

7.247066530399024487e-01

8.326801478397101164e-01

1.766837186180055141e+00

1.024217770900577307e+00

9.542293990962207317e-01

5.681313949171453714e-01

5.716160109732300043e-01

5.855691330507397652e-01

6.482890679035335779e-01

5.980748950969427824e-01

6.757322018966078758e-01

6.177339931018650532e-01

1.968565993942320347e+00

1.315537700313143432e+01

2.081609070091508329e+01

1.581551652704365551e+01

9.039781837025657296e+00

3.003709252923727036e+00

1.343332373397424817e+01

5.394986281171441078e-01

4.488248778600245714e+01

2.725437516812235117e+00

7.749552719760686159e-01

5.514064370188862085e+00

8.025069838995113969e+01

2.367846166784875095e+01

7.613108661025762558e-01

2.849991137394681573e+01

6.604764640796929598e-01

8.204848419409245253e-01

5.384001031052321196e-01

1.612842687871307135e+00

1.546559466701000929e+01

7.004402349703013897e-01

2.228433911199681461e+01

7.302830179687589407e-01

2.301928575150668621e+00

1.684663632884621620e+00

7.179602000396698713e-01

1.628035580972209573e+00

1.079100365051999688e+00

8.306155989412218332e-01

5.879474880639463663e-01

6.727760080248117447e-01

8.172295968979597092e-01

7.835818321909755468e-01

1.102386840851977468e+00

5.706067380961030722e-01

1.688736988930031657e+00

7.707109779585152864e-01

1.000546274310909212e+01

5.304296980611979961e-01

7.947320539969950914e-01

7.359158152947202325e+00

5.508568780496716499e-01

8.651410108432173729e-01

4.186711024027317762e+00

1.245751959038898349e+00

2.260069183709565550e+02

8.916334161069244146e+00

6.063896990381181240e-01

7.588242848869413137e-01

6.394893107004463673e+00

7.733925423119217157e+00

3.772556487936526537e+00

1.339404590893536806e+00

9.374666988151147962e+00

2.746165991504676640e+01

7.455429139081388712e-01

5.514303538948297501e-01

3.422450994141399860e+00

6.083715779241174459e-01

4.037700922926887870e+00

6.620053970254957676e-01

1.662675173021852970e+00

6.383091940078884363e-01

6.277491319924592972e-01

5.335063841193914413e-01

1.337326820008456707e+00

5.848600699100643396e-01

5.587148019112646580e-01

6.465404802002012730e-01

1.569022497860714793e+00

1.119950657943263650e+00

5.635508950799703598e-01

4.222473395988345146e+00

2.986933222040534019e+00

7.773472180124372244e-01

5.853586690500378609e-01

6.139547959901392460e-01

7.623954080045223236e-01

1.225049386965110898e+00

6.421713449526578188e-01

1.991191018396057189e+01

1.026534367213025689e+01

9.030669408384710550e-01

6.275205041747540236e-01

2.974256282905116677e+00

1.175184750929474831e+00

5.894736649934202433e-01

9.056486519984900951e-01

6.640002480708062649e-01

1.974104903102852404e+01

1.179317632922902703e+00

1.664588481513783336e+01

3.565244225785136223e+01

6.224644279573112726e-01

8.665077190380543470e-01

1.141371831996366382e+00

6.143742629792541265e-01

1.291589646134525537e+00

5.556101279798895121e-01

4.193290702393278480e+01

2.379959494108334184e+00

8.091013829689472914e-01

8.113970430567860603e-01

7.880097448360174894e-01

1.365901100798510015e+01

6.186305480077862740e-01

6.424426829908043146e-01

1.511459411098621786e+01

7.187548060901463032e-01

7.218794799409806728e-01

6.512528110761195421e-01

5.291308888397179544e+01

7.150773894973099232e+00

5.388515070080757141e-01

6.446089581586420536e-01

1.113381548784673214e+00

2.274772999109700322e+00

2.035109197953715920e+00

7.603758629411458969e-01

5.597501201205886900e+01

5.536024139728397131e-01

1.148229297949001193e+00

6.517610740847885609e-01

5.458021969534456730e-01

4.049513341160491109e+00

6.928377319127321243e-01

6.201883780304342508e-01

5.939301726873964071e+00

1.806821708101779222e+00

2.085413506021723151e+00

8.608205132302828133e+01

1.289255280047655106e+00

7.653356629889458418e-01

3.314010313944891095e+00

1.207255413802340627e+01

5.448268649633973837e-01

1.355436842888593674e+00

6.782712540589272976e-01

8.559136979747563601e-01

2.217058276990428567e+00

1.266556432005017996e+00

1.707168724155053496e+00

6.740876249969005585e-01

1.960239730989560485e+02

1.070800972869619727e+00

7.322241009678691626e-01

1.777948883920907974e+01

1.925896222935989499e+00

1.685995741048827767e+00

2.219801406841725111e+00

3.076231011189520359e+00

1.870983848813921213e+00

1.305834674043580890e+00

5.674893099348992109e-01

5.606216851156204939e-01

5.832336740568280220e-01

7.259298770222812891e-01

6.055237248074263334e-01

2.273578971158713102e+00

6.585728188510984182e-01

6.133684481028467417e-01

6.985950991977006197e+00

2.832721133017912507e+00

9.925028979778289795e-01

9.044404239393770695e-01

6.312569649890065193e-01

2.659151314059272408e+00

1.058639452094212174e+00

7.104484129231423140e-01

2.780293448439333588e+02

1.051037346012890339e+00

8.916021503973752260e+00

5.599053541664034128e-01

8.651733589358627796e-01

1.272090548882260919e+00

1.541387235606089234e+01

3.811526365031022578e+02

6.609841480385512114e-01

4.706092128995805979e+00

6.352759527973830700e+00

1.647705167904496193e+01

8.336667908285744488e+01

5.300579171162098646e-01

1.522921107010915875e+00

2.576014367863535881e+00

2.679899712093174458e+00

2.133948927046731114e+00

1.096678459993563592e+01

1.934052197961136699e+00

1.932885576970875263e+00

5.630993461236357689e-01

2.065588602493517101e+01

5.786734509747475386e-01

8.147901350166648626e-01

1.256212330888956785e+00

4.007190829142928123e+00

1.280079580843448639e+00

3.274870749097317457e+00

1.103605628944933414e+00

1.029768122127279639e+00

5.643939338624477386e-01

5.540044500958174467e-01

6.166971720987930894e+00

5.957800310570746660e-01

2.412202826933935285e+00

6.304831807967275381e+00

2.033115355996415019e+00

1.832063936698250473e+01

7.105363749433308840e-01

2.877919657155871391e+00

7.094275050330907106e-01

6.337997441785410047e+01

2.427950906101614237e+00

1.774477144004777074e+00

1.867364991921931505e+00

1.339411031920462847e+00

7.272404921241104603e-01

1.763330756197683513e+01

2.447613292303867638e+01

9.052674488630145788e-01

7.463615192100405693e-01

1.813451502006500959e+00

8.769054899457842112e-01

5.728115320671349764e-01

4.272385079879313707e+00

6.239983199629932642e-01

6.316955690272152424e-01

7.988339280709624290e-01

6.112674457021057606e+00

2.181269549997523427e+00

1.562551484908908606e+00

7.708914910908788443e-01

2.548128208843991160e+00

6.593221691437065601e-01

6.025596088729798794e-01

3.169224202167242765e+00

6.071871710009872913e-01

6.791032548062503338e-01

6.027886590454727411e-01

9.442954416503198445e+01

6.972794579342007637e-01

1.834171703085303307e+00

3.188932752935215831e+00

7.626562609802931547e-01

1.623248001094907522e+00

4.008074748096987605e+00

2.390587459784001112e+00

5.094525380991399288e-01

7.289940069895237684e-01

1.480463969055563211e+00

1.328065769979730248e+00

5.782949018757790327e-01

5.852732611820101738e-01

2.760577603010460734e+00

6.291190169285982847e-01

1.431343829026445746e+00

5.428679720498621464e-01

1.507735579973086715e+00

7.213218458928167820e-01

5.258669659961014986e-01

9.367842969950288534e-01

5.023772682063281536e+00

9.031899380497634411e-01

5.730341339949518442e-01

1.004657239303924143e+01

2.284253589808940887e+00

9.804799477104097605e+00

1.086897687055170536e+00

5.909148491919040680e+00

1.099124931497499347e+01

2.179190439498052001e+01

1.071110986801795661e+01

6.555338029284030199e-01

7.933695460669696331e-01

1.368758340808562934e+01

6.499961619265377522e-01

1.099963970016688108e+00

4.609086968004703522e+00

5.883642190601676702e-01

1.277481790864840150e+00

1.097292836988344789e+00

1.234731830190867186e+00

2.573689231881871819e+00

8.316220559645444155e-01

5.699965371750295162e-01

6.521295008715242147e-01

5.783888120204210281e-01

1.265262712957337499e+00

6.856370801106095314e-01

3.681275957985781133e+01

4.855301829520612955e-01

6.749194981530308723e-01

5.500489729456603527e-01

7.245829841122031212e-01

1.281733790086582303e+01

3.764792454196140170e+01

1.316310774069279432e+00

6.148493899963796139e-01

4.390579506056383252e+00

1.058068342041224241e+00

6.209622959140688181e-01

6.594299420248717070e-01

5.986959000583738089e-01

6.879360058810561895e-01

1.775009942008182406e+00

7.697111561428755522e-01

5.540155877824872732e-01

1.715569936716929078e+01

6.172354549635201693e-01

1.024349681288003922e+01

1.172478218097239733e+00

5.785735698882490396e-01

6.472640181891620159e-01

5.703820217866450548e+00

1.771323919063434005e+00

9.511041643097996712e+00

5.755870109423995018e-01

5.706805428490042686e-01

1.782136687077581882e+00

8.391000870615243912e-01

6.284291069023311138e-01

5.392373989103361964e+00

1.879173672059550881e+00

8.314611287787556648e-01

4.186343201203271747e+00

2.339785302500240505e+01

1.877838826971128583e+00

8.305358509533107281e-01

6.284346859902143478e-01

4.930443197954446077e+00

5.308926270809024572e-01

6.145328988786786795e-01

3.868942855997011065e+01

6.534778501372784376e-01

5.555482818745076656e-01

5.335326301865279675e-01

1.180868187919259071e+00

2.986348353093490005e+00

2.231269017793238163e+00

6.670081028202548623e+01

5.290077039971947670e-01

3.265993969980627298e+00

2.157796126999892294e+01

9.153307264205068350e+00

5.421627189498394728e-01

8.928160730283707380e-01

6.648149299435317516e-01

5.780278220772743225e-01

5.954154019709676504e-01

6.392177237896248698e+00

5.584954747930169106e+00

6.907506440766155720e-01

5.945997550152242184e-01

3.090890985913574696e+00

6.230010571889579296e-01

3.080746343825012445e+00

2.659259207081049681e+00

3.879572639940306544e+00

6.075506289489567280e-01

7.479522242210805416e-01

1.442209866992197931e+01

1.049200430186465383e+01

1.544951040064916015e+00

8.141314061358571053e-01

1.402825803961604834e+00

5.782391859684139490e-01

9.108588299714028835e-01

5.794288429897278547e-01

8.354562921915203333e+00

6.851317421533167362e-01

1.598469696007668972e+00

7.531525050289928913e-01

1.723434197949245572e+00

6.082898690365254879e-01

5.777286658994853497e-01

6.588116369675844908e-01

2.011812170967459679e+00

2.715679724002256989e+00

9.557203065138310194e+00

9.640116212703287601e+01

5.929673549253493547e-01

1.399226391920819879e+00

6.818116961512714624e-01

1.199013900011777878e+00

3.449474997818470001e+00

6.819154350087046623e-01

1.940193379996344447e+00

5.402571239974349737e-01

1.419507451122626662e+00

8.869099139701575041e-01

1.649630523985251784e+00

1.527046092087402940e+00

5.695676500909030437e+00

5.750728710554540157e-01

2.926815307000651956e+00

7.376699659507721663e-01

6.918095760047435760e-01

2.046702863881364465e+00

4.333061867160722613e+00

3.004205239005386829e+00

1.430394680006429553e+00

5.634698169305920601e-01

5.519051949959248304e-01

8.122171750292181969e-01

3.063775480957701802e+00

7.906630691140890121e-01

5.842842708807438612e-01

1.202986297896131873e+01

1.050367788178846240e+00

1.767394120804965496e+00

7.580815791152417660e-01

6.544411480426788330e-01

7.138044720049947500e-01

8.885180188808590174e-01

5.529621890746057034e-01

5.388101360294967890e-01

2.102540924912318587e+00

5.668281619437038898e-01

1.637250767601653934e+01

5.319404259789735079e-01

6.296391021460294724e-01

6.886561699211597443e-01

1.323684758041054010e+00

6.192610200960189104e-01

1.289599665184505284e+01

6.808726629009470344e+00

5.351607340853661299e-01

1.816295733908191323e+00

5.954629920888692141e-01

1.116850703023374081e+00

1.144103597849607468e+00

5.202033368172124028e+00

5.837320717982947826e-01

5.098852280061691999e-01

1.738241743994876742e+00

1.051713983016088605e+01

5.460491748526692390e-01

5.896414769813418388e-01

1.233352386159822345e+00

1.132502846885472536e+00

5.179092059843242168e-01

3.284717637114226818e+00

6.294489458668977022e-01

6.310288410168141127e-01

6.593450601212680340e-01

8.058153679594397545e-01

6.689611258916556835e-01

1.357031452003866434e+00

8.660582620650529861e-01

6.796266410965472460e-01

1.027379221492446959e+01

6.491893059574067593e-01

8.923634361010044813e+00

6.097823970485478640e-01

1.846644666977226734e+00

2.069466813001781702e+00

8.228352509904652834e-01

2.627565660979598761e+00

5.272885281592607498e-01

3.269419942982494831e+00

8.896867539733648300e-01

5.568614408839493990e-01

6.240982040762901306e-01

5.706836378667503595e-01

8.436909921001642942e-01

9.661608429159969091e-01

6.129075910430401564e-01

1.128398597007617354e+00

5.353880689945071936e-01

6.694629990961402655e-01

6.170376860536634922e-01

3.094057670794427395e+00

6.743650981225073338e-01

1.016584263206459582e+01

6.636826018802821636e-01

5.827491830568760633e-01

7.205022389534860849e-01

1.209759449120610952e+00

5.480868699960410595e-01

7.309114541602320969e+01

1.311589969787746668e+00

2.469454149017110467e+00

6.436276561580598354e-01

4.456544757192023098e+01

6.225370668596588075e+01

1.445254015037789941e+00

4.035661681089550257e+00

1.219013161025941372e+00

6.413420918397605419e-01

1.676507700001820922e+00

4.992123152129352093e+00

6.492099489551037550e-01

5.985766525799408555e+01

7.011870869901031256e-01

6.356010709423571825e-01

2.038577663945034146e+00

1.995688254712149501e+01

2.097177898045629263e+00

5.702610078733414412e-01

9.290793621004559100e+01

3.070738305104896426e+00

9.533828219864517450e-01

2.774607963860034943e+00

9.684422761201858521e-01

6.814092639833688736e-01

6.108651062007993460e+00

6.572222148999571800e+00

6.993264988996088505e-01

1.605720775411464274e+01

4.274322131881490350e+00

7.830428563989698887e+00

2.890478858957067132e+00

1.213271659100428224e+00

5.632980680093169212e-01

1.079825933091342449e+00

8.868349669501185417e-01

1.510747618041932583e+00

1.519325107801705599e+00

8.394681690260767937e-01

5.921823640819638968e-01

7.637821401003748178e-01

1.012319557834416628e+00

5.878061070106923580e-01

1.085479934932664037e+00

1.380296945106238127e+00

2.085707521997392178e+00

1.071471651084721088e+00

2.746480382978916168e+00

1.579457646096125245e+01

6.822305999230593443e-01

8.215232801157981157e-01

6.771185579709708691e-01

5.931010390631854534e-01

6.500510210171341896e-01

6.407559018116444349e-01

1.476408770075067878e+00

3.303313585696741939e+01

8.389334918395616114e+01

2.548582536168396473e+00

5.921467088628560305e-01

1.136183825088664889e+00

5.824501689057797194e-01

6.915603100787848234e-01

6.035787197994068265e+00

5.841364481020718813e-01

1.127361725782975554e+00

5.307849061209708452e-01

7.347158130723983049e-01

1.507238114019855857e+00

7.855532669927924871e-01

5.408401140011847019e-01

3.990159949986264110e+01

7.955377451144158840e-01

5.279751969501376152e-01

1.175790278939530253e+00

8.129495780449360609e-01

1.550986025016754866e+00

4.477725043892860413e+00

6.618396460544317961e-01

2.318764415103942156e+00

5.471024168655276299e-01

5.642106081359088421e-01

6.496691019274294376e-01

1.286858616489917040e+01

1.461068291706033051e+01

1.966224381001666188e+00

5.654520869720727205e-01

6.168629061430692673e-01

1.134873008821159601e+00

2.841400402132421732e+00

1.446970139862969518e+00

9.902408081106841564e-01

6.313558220863342285e-01

7.898941708263009787e-01

9.188228491693735123e-01

4.648892293917015195e+00

6.173798879608511925e-01

5.811662599444389343e-01

1.085659231804311275e+01

7.857469129376113415e-01

6.832333570346236229e-01

3.660295233130455017e+00

5.820599868893623352e-01

1.602612423943355680e+00

6.194217421580106020e-01

1.057288541924208403e+00

7.043413731036707759e+00

5.386578650213778019e-01

2.086999025894328952e+00

7.640025140717625618e-01

1.025407626060768962e+00

5.991987469606101513e-01

1.249721102882176638e+00

6.345620821230113506e-01

2.760723081883043051e+00

1.115717565175145864e+00

4.681894993875175714e+00

5.953960600309073925e-01

8.002063140738755465e-01

2.846500860992819071e+00

5.071854694979265332e+00

8.298292660620063543e-01

1.028965680859982967e+00

2.988508102810010314e+01

1.305808682483620942e+01

1.009815015131607652e+00

7.127811280079185963e-01

8.138033039867877960e-01

7.697459610644727945e-01

1.613546903943642974e+00

2.063091314863413572e+00

3.611109000165015459e+00

1.171446284046396613e+00

5.643979824893176556e+01

9.440463299397379160e-01

9.967504199594259262e-01

4.401845624507404864e+01

5.112904740963131189e-01

2.462325140833854675e+00

6.332507199142128229e+00

5.975034048315137625e-01

6.059660459868609905e-01

6.353849011939018965e-01

5.893452099990099669e-01

1.449240469839423895e+00

2.034821968059986830e+00

2.485345914959907532e+00

1.200881377095356584e+00

5.658399669919162989e-01

1.140554363839328289e+00

1.882166684139519930e+00

5.529979008715599775e-01

5.166204951237887144e-01

5.529463030397891998e-01

1.367678644834086299e+00

1.829362785210832953e+00

7.811775929993018508e+00

8.722947528585791588e-01

1.079888041049707681e+02

5.242044107988476753e+00

5.943458881229162216e-01

3.276181143941357732e+00

6.549994170200079679e-01

4.249887746991589665e+00

6.263355230912566185e-01

6.642683362821117043e+00

5.198077051900327206e-01

1.319530837936326861e+00

5.832767169922590256e-01

7.293471109587699175e-01

7.776095658075064421e+00

1.041546480963006616e+00

1.711833419976755977e+00

6.696698861196637154e-01

6.757977212779223919e+00

5.141855720430612564e-01

1.498233865015208721e+00

1.731137071037665009e+00

7.003987990319728851e-01

1.665793357882648706e+00

4.851279209810309112e+01

6.302733989432454109e-01

1.297776957042515278e+00

5.693033679854124784e-01

1.515790350968018174e+00

3.808145256945863366e+00

5.307858770247548819e-01

6.272533839102834463e+00

5.711954429280012846e-01

4.519920349121093750e+00

5.772309824824333191e+00

8.232607981190085411e-01

5.541188209317624569e-01

6.733329570852220058e-01

5.900151049718260765e-01

2.865565590094774961e+00

3.413737735943868756e+00

7.096770908683538437e-01

5.510918151121586561e-01

6.533058960922062397e-01

1.166710679396055639e+01

2.175916137197054923e+01

8.256197722861543298e+00

5.600385521538555622e-01

5.423943509813398123e-01

1.221244237851351500e+00

3.630920319119468331e+00

6.322706399951130152e-01

5.865799989551305771e-01

1.137643479830585420e+02

8.705190829932689667e-01

8.071705993963405490e+00

2.948921313392929733e+01

5.967953016050159931e+00

9.097908949479460716e-01

2.095230697188526392e+00

7.301531038247048855e-01

2.063080467050895095e+00

7.386758390348404646e-01

3.456649426789954305e+01

3.213844827143475413e+00

1.505268255015835166e+00

6.323388209566473961e-01

5.954471318982541561e-01

1.127418100291397423e+02

5.362710158806294203e-01

5.915335570462048054e-01

5.835388361010700464e-01

1.465874935081228614e+01

1.387020925059914589e+00

2.892267686082050204e+00

1.126605069031938910e+00

1.433928110869601369e+00

7.690370681229978800e-01

1.225222151409834623e+02

5.443871389143168926e-01

5.062248050235211849e-01

5.667976490221917629e-01

8.295094249770045280e-01

6.766758449375629425e-01

7.246045041829347610e-01

4.613312403904274106e+00

1.017213443992659450e+00

2.270825308049097657e+00

6.227459958754479885e-01

1.111231408081948757e+00

1.504321209504269063e+01

2.771078826859593391e+00

4.220145590137690306e+00

5.775911270175129175e-01

5.666057788766920567e-01

1.157129028695635498e+01

1.694336436712183058e+01

8.517473109532147646e-01

3.635451958049088717e+00

7.274141518864780664e-01

7.956672601867467165e-01

7.030919399112462997e-01

5.130322650074958801e-01

5.123490490997210145e+01

1.345373939955607057e+00

6.120651280507445335e-01

7.522793430835008621e-01

6.933237158227711916e-01

1.068196555599570274e+01

5.087698791176080704e-01

5.878932240884751081e-01

5.885849338956177235e-01

1.345574387116357684e+00

8.888447959907352924e-01

8.542057608719915152e-01

5.789668739307671785e-01

7.999266211409121752e-01

7.201217350084334612e-01

1.044085572939366102e+00

9.370224996935576200e+00

6.935475270729511976e-01

5.627187259960919619e-01

9.334913640050217509e+00

7.368079570587724447e-01

2.157148186815902591e+00

6.871386230923235416e-01

6.197634270880371332e+00

7.071285611018538475e-01

3.780769739067181945e+00

5.695837559178471565e-01

5.827883069869130850e-01

6.403615360613912344e-01

9.353634470608085394e-01

8.586188419722020626e-01

6.598649299703538418e-01

1.710060283076018095e+00

1.105003849836066365e+00

1.731505928095430136e+00

7.127072499133646488e-01

6.025803149677813053e-01

5.430878971237689257e-01

1.537380348891019821e+00

1.087883797008544207e+00

5.309269609861075878e-01

6.716776969842612743e-01

1.461543037090450525e+00

9.161101540084928274e-01

4.864696572069078684e+00

9.320173081010580063e+00

1.412860106909647584e+00

5.570032559335231781e-01

5.981713348068296909e+00

1.157368075102567673e+00

2.703300227876752615e+00

1.605779052013531327e+00

1.327316014096140862e+00

8.067240889649838209e-01

8.293870228808373213e-01

2.023063202155753970e+00

5.247310867998749018e-01

8.302599310409277678e-01

1.157355702016502619e+00

1.842495809076353908e+00

7.744540314702317119e+01

1.161590046947821975e+00

5.687650979962199926e-01

7.857721201144158840e-01

5.926881858613342047e-01

5.888270880095660686e-01

3.745311606908217072e+00

8.979370160959661007e-01

2.084658080106601119e+01

5.796974559780210257e-01

5.708129240665584803e-01

1.712481695925816894e+00

6.110161030665040016e-01

3.216110182926058769e+00

5.603238008916378021e-01

1.607998687075451016e+00

5.346843961160629988e-01

5.957996048964560032e-01

8.459161301143467426e-01

2.508219730807468295e+00

4.494991300161927938e+00

1.334412358002737164e+00

1.254871262935921550e+00

8.208529930561780930e-01

5.404589909594506025e-01

7.034178669564425945e-01

6.041225569788366556e-01

1.300995789933949709e+00

8.833563991356641054e-01

1.976070828037336469e+00

2.957205701852217317e+00

5.582728190347552299e-01

5.667667509987950325e-01

2.920419389149174094e+00

6.247006168123334646e-01

5.494247879832983017e-01

5.384974929410964251e+01

5.880996459163725376e-01

6.340829611290246248e-01

6.226658229716122150e-01

4.255453446879982948e+00

1.272652523126453161e+00

1.064952190895564854e+01

5.812414588872343302e-01

5.926357035059481859e+00

9.197811021003872156e-01

4.951155830640345812e-01

4.227831483492627740e+01

1.048328670905902982e+01

1.524835816817358136e+00

2.015961594181135297e+00

5.722476679366081953e-01

1.466056905919685960e+00

3.094045144971460104e+00

6.056664399802684784e-01

5.849480410106480122e-01

8.521377590950578451e-01

8.019293069373816252e-01

2.640253782039508224e+00

1.589947866043075919e+00

9.154009248595684767e-01

1.277324539143592119e+00

1.020358510105870664e+01

2.796201057778671384e+02

6.952844010666012764e-01

2.899794743862003088e+00

5.514299250207841396e-01

6.974239919800311327e-01

1.582346919225528836e+00

1.142771235899999738e+00

6.926038142060860991e+00

6.722349529154598713e-01

6.178694339469075203e-01

1.709157518111169338e+00

1.125074252020567656e+00

1.123578377999365330e+00

6.042802720330655575e-01

2.286799503469374031e+02

3.833237132988870144e+00

6.028911368921399117e-01

4.640008275164291263e+00

1.461579744005575776e+00

1.026725280890241265e+01

3.186210152925923467e+00

1.220952532021328807e+00

5.670225790236145258e-01

5.612828601151704788e-01

6.074829199351370335e-01

5.764275291003286839e-01

5.761492548044770956e-01

5.546696439851075411e-01

2.253567371051758528e+00

6.374564911238849163e-01

6.744281279388815165e-01

9.032022750470787287e-01

5.904783669393509626e-01

1.062852032994851470e+01

5.748240927001461387e+00

4.132912991102784872e+00

6.261576709803193808e-01

5.397354098968207836e-01

5.822433631401509047e-01

1.479325950844213367e+00

6.769174120854586363e-01

1.962340235942974687e+00

5.749071480240672827e-01

8.502437709830701351e-01

3.507530970033258200e+00

1.562210997100919485e+00

7.231721649877727032e-01

6.966347959823906422e-01

6.332678729668259621e-01

5.255563494982197881e+00

5.294999629259109497e-01

6.431523051578551531e-01

9.590507918037474155e-01

8.372671781107783318e-01

9.118280449882149696e+00

9.052187202032655478e-01

6.392574009951204062e-01

6.869196200277656317e-01

1.698639460839331150e+00

1.250566291157156229e+00

3.358033805852755904e+00

7.352958291303366423e-01

7.548048850148916245e-01

1.615587363950908184e+00

5.878372020088136196e-01

6.745828359853476286e-01

6.336111519485712051e-01

7.348933693021535873e+00

7.383785219863057137e-01

6.758866910822689533e-01

1.219203635491430759e+01

4.630076087196357548e+01

7.270757533214055002e+01

5.605997199891135097e+01

5.811232849955558777e-01

5.522303520701825619e-01

2.414724700851365924e+00

1.057943084044381976e+00

1.839897022116929293e+00

1.774287411011755466e+00

6.351543089840561152e-01

5.839485737960785627e-01

3.694129526149481535e+00

1.281231856904923916e+00

1.445350239053368568e+00

1.343773671891540289e+00

1.820740315131843090e+00

2.385894184396602213e+01

7.418605019338428974e-01

1.206939533120021224e+00

1.827532263938337564e+00

8.386338299605995417e-01

2.551047077169641852e+00

1.969575713779777288e+02

3.834777779877185822e+00

1.525210306979715824e+00

5.744208691176027060e-01

6.232604624005034566e+00

7.947566548828035593e-01

9.319076291285455227e-01

3.083853413816541433e+00

1.833943652920424938e+01

7.038005508948117495e-01

1.617862642044201493e+00

7.769459129776805639e-01

5.812148130498826504e-01

1.635198600823059678e+00

5.678917940240353346e-01

1.446834657108411193e+00

1.200655163032934070e+00

9.330338130239397287e-01

1.770962127950042486e+00

6.922213928773999214e-01

3.161459085997194052e+00

1.834694028808735311e+01

1.857419437961652875e+00

1.248732248840387911e+02

1.661497806897386909e+00

2.101655221078544855e+00

9.027212720829993486e-01

8.361659508664160967e-01

1.319316545035690069e+00

1.306027099955826998e+00

5.307527461554855108e-01

5.901214778423309326e-01

1.305424833321012557e+01

9.723480609245598316e-01

9.029667009599506855e-01

6.708021280355751514e-01

6.707404379267245531e-01

1.750342138111591339e+00

6.606786658521741629e-01

5.424676339607685804e-01

6.178578801918774843e-01

6.143504700157791376e-01

5.628771989140659571e-01

1.046072926907800138e+01

7.692690829280763865e-01

5.585239650681614876e-01

6.136593730188906193e-01

2.612489669278729707e+02

1.004574022023007274e+00

3.706635904102586210e+01

6.490381869953125715e-01

8.783711730502545834e-01

1.091363831888884306e+00

1.434234993066638708e+00

1.253586540929973125e+00

1.668096469016745687e+00

5.858512180857360363e-01

5.379984029568731785e-01

5.677804196020588279e+00

2.532247969694435596e+01

1.932388737099245191e+00

2.306186730973422527e+00

5.987106868997216225e-01

6.188316707033663988e+00

6.981530969496816397e-01

3.934586136136204004e+00

6.901329278480261564e-01

4.774288600077852607e+00

8.268330059945583344e-01

6.219581572106108069e+00

4.982864726800471544e+01

1.609640453010797501e+00

8.397794468328356743e-01

3.684531216043978930e+00

3.239205338992178440e+00

7.423172621056437492e-01

2.506158137926831841e+00

1.576641208026558161e+00

5.776220129337161779e-01

5.472799239214509726e-01

6.273314361460506916e-01

6.877085159067064524e-01

1.767632902134209871e+00

6.204129029065370560e-01

4.920994118088856339e+00

6.858591928612440825e-01

2.096958936401642859e+01

8.181617311201989651e-01

1.747163682011887431e+00

1.491452142829075456e+00

3.402101007709279656e+01

1.640648148022592068e+00

6.809357060119509697e-01

1.706694288877770305e+00

1.944165168097242713e+00

5.700440478976815939e-01

1.752446659142151475e+00

1.204194129910320044e+00

6.320361010730266571e-01

5.170827980618923903e-01

4.759714481886476278e+00

2.380625315941870213e+00

1.499402397079393268e+00

6.095985788851976395e-01

5.666212736163288355e+00

8.668458268512040377e-01

5.965319920796900988e-01

5.662033790722489357e-01

8.086443769279867411e-01

1.303909670358989388e+02

6.881540550384670496e-01

3.010466667613945901e+01

1.883883174695074558e+01

5.316070949193090200e-01

8.073624339886009693e-01

1.597692802082747221e+00

6.725215381011366844e-01

3.343227548990398645e+00

8.468435329850763083e-01

1.771660053869709373e+00

5.492382810916751623e-01

5.673731169663369656e-01

8.822292323922738433e+00

3.862739654025062919e+00

1.130228355294093490e+01

2.058040067111141980e+01

1.790803831093944609e+01

3.764424873981624842e+00

6.688223716104403138e+00

4.669513311935588717e+00

5.392822381108999252e-01

3.208716373890638351e+00

3.408450322924181819e+00

1.745663381181657314e+00

1.813856096938252449e+00

1.325487788906320930e+01

7.824068579357117414e-01

1.723943378077819943e+00

2.134284678846597672e+00

2.969148829113692045e+00

7.717127735028043389e+00

4.135980169987305999e+00

5.977480539586395025e-01

5.733429030515253544e-01

8.151166159659624100e-01

6.177590340375900269e-01

7.180526580195873976e-01

1.927937452914193273e+00

5.570857359562069178e-01

6.844181054900400341e+01

5.650337459519505501e-01

1.059371029026806355e+00

5.943266691174358130e-01

2.258668127935379744e+00

2.641024382086470723e+00

1.087408498860895634e+00

3.789898183592595160e+01

5.204902722034603357e-01

5.643968719523400068e-01

1.453946980880573392e+00

6.013661150354892015e-01

7.597592489328235388e-01

8.924045921303331852e-01

8.866407969035208225e-01

5.564374178182333708e+00

9.835930799599736929e-01

3.378468663897365332e+00

4.883097944804467261e+01

2.904451631009578705e+00

5.119289577938616276e+00

3.600357742304913700e+01

8.836862999014556408e-01

7.425401050131767988e-01

2.237839592155069113e+00

1.901372572872787714e+00

7.994147830177098513e-01

6.456506049726158381e-01

5.381393196061253548e+00

6.103269760496914387e-01

6.434133460279554129e-01

5.481347208842635155e-01

9.964759100694209337e-01

4.308598297880962491e+00

6.822095641167834401e+00

5.362647038418799639e-01

7.400926090078428388e+00

5.655628070235252380e-01

3.078725775936618447e+00

8.235209900885820389e-01

1.868291067495010793e+01

4.040357057005167007e+00

5.575761510990560055e-01

5.690647847950458527e-01

1.041988936811685562e+01

7.237444389611482620e-01

5.492700699251145124e-01

1.730926895048469305e+00

5.815074101556092501e-01

6.029799759853631258e-01

6.346724790055304766e-01

7.048432028386741877e-01

3.468984462087973952e+00

5.510042018722742796e-01

7.837367260362952948e-01

5.987464920617640018e-01

6.393093280494213104e-01

1.630890749092213809e+01

2.279227634309791028e+01

2.551183661795221269e+01

1.598078455077484250e+00

9.918424465926364064e+00

5.079953667009249330e+00

1.391953994985669851e+00

6.055753920227289200e-01

5.371976450551301241e-01

5.403792669530957937e-01

5.583313689567148685e-01

5.484710950404405594e-01

2.815685412706807256e+01

5.729646948166191578e-01

5.706500690430402756e-01

6.307832659222185612e-01

6.032805240247398615e-01

1.610286594135686755e+00

6.265621319878846407e+00

1.782448796415701509e+01

3.253041751380078495e+01

5.899045350961387157e-01

1.768836519913747907e+00

5.824851000215858221e-01

7.480568340979516506e-01

5.937504449393600225e-01

7.944042340386658907e-01

1.541843774029985070e+00

1.211417237203568220e+01

7.446077880449593067e-01

1.854071086971089244e+00

5.370171088725328445e-01

1.107735350029543042e+00

9.137002159841358662e-01

8.512536741327494383e-01

8.627469133818522096e+00

7.281283640768378973e-01

6.083513789344578981e-01

6.913806529412977397e+01

6.687002968974411488e-01

5.620504200924187899e-01

1.351029479876160622e+00

1.987459624186158180e+00

5.755111749749630690e-01

6.040802658535540104e-01

7.337769949808716774e-01

4.030111774103716016e+00

1.016954160993918777e+00

3.409795671934261918e+00

4.030370641965419054e+00

1.160888144047930837e+00

5.164538410026580095e-01

4.650278459070250392e+00

6.918912359979003668e-01

1.708366306032985449e+00

2.645067919045686722e+00

5.867997237946838140e-01

1.555234478088095784e+00

5.122698775958269835e+00

5.142385740764439106e-01

6.076158999931067228e-01

1.027308816090226173e+00

6.002633818425238132e-01

6.580630890093743801e-01

5.469849740620702505e-01

6.808170990552753210e-01

5.906526858452707529e-01

5.611888251733034849e-01

1.004557200940325856e+00

1.900972177041694522e+00

7.214751488063484430e-01

6.904080931213684380e+01

1.002472301013767719e+00

6.941742189927026629e+00

1.505321546923369169e+00

6.351727310102432966e-01

5.261281230486929417e-01

6.590967399533838034e-01

6.171854101121425629e-01

1.124326803022995591e+00

6.136085079051554203e-01

2.722931523108854890e+00

1.230255183996632695e+00

5.820467050652951002e-01

1.982215900905430317e+00

5.759133310057222843e-01

7.067863498814404011e-01

6.609925921075046062e-01

1.587688656058162451e+00

6.893870888743549585e-01

6.799607770517468452e-01

6.323029780760407448e-01

3.111672820989042521e+00

5.609897158574312925e-01

5.441047241911292076e-01

2.534003375796601176e+00

1.031493772985413671e+00

1.246127662016078830e+00

5.645471444120630622e+00

5.086274570785462856e-01

7.353651518933475018e-01

5.470135919749736786e-01

6.752454969100654125e-01

5.938968441914767027e-01

5.925921169109642506e-01

5.917497489135712385e-01

8.031994181219488382e-01

4.593619219493120909e+01

6.869888409972190857e+00

5.320048150606453419e-01

2.821142647089436650e+01

7.235468290746212006e-01

1.124992285156622529e+00

5.685432357713580132e-01

6.900112940929830074e-01

7.875813639257103205e-01

5.590137070976197720e-01

6.327374083921313286e+00

1.055294346995651722e+00

1.055829124059528112e+00

1.935433282051235437e+00

6.418699258938431740e-01

2.498319027014076710e+00

5.667301320936530828e-01

9.717822680249810219e-01

1.245100458851084113e+00

5.264907226199284196e+00

9.160987278446555138e-01

6.184697740245610476e-01

5.242508631199598312e-01

2.100833840901032090e+00

9.983631600625813007e-01

6.565830060280859470e-01

1.064035611925646663e+00

5.389599450863897800e-01

3.855926957912743092e+00

1.413532553939148784e+00

2.666644701501354575e+01

1.375095331110060215e+00

9.437819497892633080e+00

3.276918903924524784e+00

7.297833331394940615e-01

6.456741848960518837e-01

7.596470920834690332e-01

5.337620179634541273e-01

7.523156223120167851e+00

3.416837383992969990e+00

5.617564709857106209e+00

6.412696619518101215e-01

6.863170859869569540e-01

5.791973371524363756e-01

7.035511489957571030e-01

7.598103559575974941e-01

9.920694679021835327e-01

2.341808560041245073e+02

8.414804690983146429e+00

1.450963964918628335e+00

8.966477625072002411e+00

5.492591860238462687e-01

5.947375269606709480e-01

3.097203416051343083e+00

1.344369746046140790e+00

6.390978698618710041e-01

6.484997840598225594e-01

5.007800230057910085e+00

9.691031659021973610e-01

5.215096590109169483e-01

5.793221581261605024e-01

5.197353898547589779e-01

5.851676990278065205e-01

5.956354730296880007e-01

5.682153280358761549e-01

5.327611670363694429e-01

6.613889189902693033e-01

1.798896754859015346e+00

2.206522981170564890e+00

7.507072240114212036e-01

1.837731451638974249e+02

2.860441990895196795e+00

1.004565655831247568e+02

6.709650170523673296e-01

5.939828909467905760e-01

9.281496610492467880e-01

5.353138789068907499e-01

9.925490131136029959e-01

1.339451482985168695e+00

1.596229625865817070e+00

5.801554240752011538e-01

6.726468789856880903e-01

2.576701865810900927e+01

9.456069684820249677e+00

7.197301911655813456e-01

7.719419468194246292e-01

1.120012241182848811e+00

1.742636940907686949e+00

2.284855266101658344e+00

7.898630278650671244e-01

9.493616570252925158e-01

5.327098849229514599e-01

1.447027992319781333e+02

5.612637351732701063e-01
